[0 0 0]
[1 1 1]
[41  0  0]
[41  0  1]
[41  1  1]
[ 41 100   0]
[ 41 100   1]
[ 41 200   0]
[ 41 200   1]
[ 41 500   0]
[ 41 500   1]
[ 41 700   1]
[  41 1000    1]
[  41 1700    0]
[  41 2000    0]
[43  0  0]
[43  0  1]
[43  1  0]
[43  1  1]
[ 43 100   0]
[ 43 100   1]
[ 43 200   0]
[ 43 200   1]
[ 43 400   0]
[ 43 500   0]
[ 43 500   1]
[ 43 700   0]
[ 43 700   1]
[ 43 800   0]
[  43 1000    1]
[  43 1400    1]
[44  0  0]
[44  0  1]
[44  1  0]
[44  1  1]
[ 44 100   0]
[ 44 100   1]
[ 44 200   0]
[ 44 200   1]
[ 44 400   1]
[ 44 500   0]
[ 44 500   1]
[ 44 600   0]
[ 44 600   1]
[ 44 700   0]
[ 44 800   0]
[  44 1000    1]
[  44 1400    1]
[45  0  0]
[45  0  1]
[ 45 100   0]
[ 45 100   1]
[ 45 200   0]
[ 45 200   1]
[ 45 400   1]
[ 45 500   0]
[ 45 500   1]
[ 45 700   1]
[ 45 800   0]
[  45 1000    0]
[  45 1000    1]
[  45 1100    0]
[  45 1800    0]
[46  0  0]
[46  0  1]
[46  1  0]
[46  1  1]
[ 46 100   0]
[ 46 100   1]
[ 46 200   0]
[ 46 200   1]
[ 46 400   0]
[ 46 400   1]
[ 46 500   0]
[ 46 500   1]
[ 46 600   0]
[ 46 600   1]
[ 46 700   0]
[ 46 700   1]
[ 46 800   0]
[  46 1000    1]
[  46 1100    0]
[  46 1600    0]
[  46 1800    0]
[  46 2000    0]
[47  0  0]
[47  0  1]
[47  1  0]
[47  1  1]
[ 47 100   0]
[ 47 100   1]
[ 47 200   0]
[ 47 200   1]
[ 47 300   0]
[ 47 400   1]
[ 47 500   0]
[ 47 500   1]
[ 47 600   0]
[ 47 700   0]
[ 47 700   1]
[ 47 800   1]
[  47 1000    0]
[  47 1400    0]
[  47 1700    0]
[  47 2000    0]
[48  0  0]
[48  0  1]
[48  1  0]
[48  1  1]
[ 48 100   0]
[ 48 100   1]
[ 48 200   0]
[ 48 200   1]
[ 48 400   0]
[ 48 400   1]
[ 48 500   0]
[ 48 500   1]
[ 48 700   0]
[ 48 700   1]
[ 48 800   0]
[ 48 900   0]
[ 48 900   1]
[  48 1000    0]
[  48 1000    1]
[  48 1200    0]
[  48 1200    1]
[  48 1300    0]
[  48 1400    0]
[  48 1400    1]
[  48 1800    0]
[  48 1900    1]
[  48 2000    0]
[  48 2000    1]
[49  0  0]
[49  0  1]
[49  1  0]
[ 49 100   0]
[ 49 100   1]
[ 49 200   0]
[ 49 200   1]
[ 49 300   0]
[ 49 300   1]
[ 49 400   0]
[ 49 400   1]
[ 49 500   0]
[ 49 500   1]
[ 49 600   0]
[ 49 600   1]
[ 49 700   0]
[ 49 700   1]
[ 49 800   0]
[  49 1000    1]
[  49 1200    1]
[  49 1900    1]
[  49 2000    1]
[50  0  0]
[50  0  1]
[50  1  0]
[ 50 100   0]
[ 50 100   1]
[ 50 200   0]
[ 50 200   1]
[ 50 300   0]
[ 50 400   0]
[ 50 400   1]
[ 50 500   0]
[ 50 500   1]
[ 50 600   1]
[ 50 700   0]
[ 50 700   1]
[ 50 800   0]
[  50 1000    0]
[  50 1000    1]
[  50 1200    0]
[  50 1200    1]
[  50 1400    1]
[  50 1900    1]
[  50 2000    0]
[  50 2000    1]
[51  0  0]
[51  0  1]
[51  1  0]
[ 51 100   0]
[ 51 100   1]
[ 51 200   0]
[ 51 200   1]
[ 51 300   0]
[ 51 300   1]
[ 51 400   0]
[ 51 400   1]
[ 51 500   0]
[ 51 500   1]
[ 51 600   0]
[ 51 700   0]
[ 51 700   1]
[ 51 800   0]
[ 51 800   1]
[  51 1000    0]
[  51 1000    1]
[  51 1100    0]
[  51 1200    0]
[  51 1400    0]
[  51 1400    1]
[  51 1900    0]
[  51 1900    1]
[  51 2000    0]
[  51 2000    1]
[52  0  0]
[52  0  1]
[52  1  0]
[52  1  1]
[ 52 100   0]
[ 52 100   1]
[ 52 200   0]
[ 52 200   1]
[ 52 300   0]
[ 52 300   1]
[ 52 400   0]
[ 52 400   1]
[ 52 500   0]
[ 52 500   1]
[ 52 600   0]
[ 52 700   0]
[ 52 700   1]
[ 52 800   0]
[ 52 800   1]
[ 52 900   1]
[  52 1000    0]
[  52 1000    1]
[  52 1100    0]
[  52 1200    0]
[  52 1300    0]
[  52 1400    0]
[  52 1600    0]
[  52 1900    1]
[  52 2000    0]
[  52 2000    1]
[53  0  0]
[53  0  1]
[53  1  0]
[53  1  1]
[ 53 100   0]
[ 53 100   1]
[ 53 200   0]
[ 53 200   1]
[ 53 300   0]
[ 53 400   0]
[ 53 400   1]
[ 53 500   0]
[ 53 500   1]
[ 53 600   1]
[ 53 700   0]
[ 53 700   1]
[ 53 800   0]
[ 53 900   1]
[  53 1000    0]
[  53 1000    1]
[  53 1200    0]
[  53 1200    1]
[  53 1400    0]
[  53 1400    1]
[  53 1800    0]
[  53 2000    0]
[  53 2000    1]
[54  0  0]
[54  0  1]
[54  1  0]
[ 54 100   0]
[ 54 100   1]
[ 54 200   0]
[ 54 200   1]
[ 54 300   0]
[ 54 400   0]
[ 54 400   1]
[ 54 500   0]
[ 54 500   1]
[ 54 600   0]
[ 54 700   0]
[ 54 700   1]
[ 54 800   0]
[ 54 800   1]
[ 54 900   1]
[  54 1000    0]
[  54 1000    1]
[  54 1200    0]
[  54 1300    1]
[  54 1400    0]
[  54 1400    1]
[  54 1700    0]
[  54 1900    0]
[  54 2000    0]
[  54 2000    1]
[55  0  0]
[55  0  1]
[55  1  0]
[55  1  1]
[ 55 100   0]
[ 55 100   1]
[ 55 200   0]
[ 55 200   1]
[ 55 300   0]
[ 55 300   1]
[ 55 400   0]
[ 55 400   1]
[ 55 500   0]
[ 55 500   1]
[ 55 600   0]
[ 55 600   1]
[ 55 700   0]
[ 55 700   1]
[ 55 800   0]
[ 55 800   1]
[ 55 900   1]
[  55 1000    0]
[  55 1000    1]
[  55 1200    1]
[  55 1300    0]
[  55 1400    0]
[  55 1400    1]
[  55 1700    0]
[  55 1800    0]
[  55 1900    0]
[  55 1900    1]
[  55 2000    0]
[  55 2000    1]
[56  0  0]
[56  0  1]
[56  1  0]
[56  1  1]
[ 56 100   0]
[ 56 100   1]
[ 56 200   0]
[ 56 200   1]
[ 56 300   0]
[ 56 400   0]
[ 56 400   1]
[ 56 500   0]
[ 56 500   1]
[ 56 600   1]
[ 56 700   0]
[ 56 700   1]
[ 56 800   0]
[ 56 800   1]
[ 56 900   1]
[  56 1000    0]
[  56 1000    1]
[  56 1100    0]
[  56 1100    1]
[  56 1200    1]
[  56 1300    0]
[  56 1400    1]
[  56 1700    0]
[  56 1900    1]
[  56 2000    0]
[  56 2000    1]
[57  0  0]
[57  0  1]
[57  1  0]
[57  1  1]
[ 57 100   0]
[ 57 100   1]
[ 57 200   0]
[ 57 200   1]
[ 57 300   0]
[ 57 300   1]
[ 57 400   0]
[ 57 400   1]
[ 57 500   0]
[ 57 500   1]
[ 57 600   0]
[ 57 600   1]
[ 57 700   0]
[ 57 700   1]
[ 57 800   0]
[ 57 800   1]
[ 57 900   1]
[  57 1000    0]
[  57 1000    1]
[  57 1100    0]
[  57 1200    0]
[  57 1200    1]
[  57 1300    0]
[  57 1400    1]
[  57 1500    0]
[  57 1700    0]
[  57 1700    1]
[  57 1900    0]
[  57 1900    1]
[  57 2000    0]
[  57 2000    1]
[58  0  0]
[58  0  1]
[58  1  0]
[58  1  1]
[ 58 100   0]
[ 58 100   1]
[ 58 200   0]
[ 58 200   1]
[ 58 300   0]
[ 58 300   1]
[ 58 400   0]
[ 58 400   1]
[ 58 500   0]
[ 58 500   1]
[ 58 600   0]
[ 58 600   1]
[ 58 700   0]
[ 58 700   1]
[ 58 800   0]
[ 58 800   1]
[ 58 900   0]
[ 58 900   1]
[  58 1000    0]
[  58 1000    1]
[  58 1100    0]
[  58 1200    0]
[  58 1300    0]
[  58 1400    0]
[  58 1400    1]
[  58 1700    0]
[  58 1800    0]
[  58 1900    0]
[  58 1900    1]
[  58 2000    0]
[  58 2000    1]
[59  0  0]
[59  0  1]
[59  1  0]
[59  1  1]
[ 59 100   0]
[ 59 100   1]
[ 59 200   0]
[ 59 200   1]
[ 59 300   0]
[ 59 300   1]
[ 59 400   0]
[ 59 400   1]
[ 59 500   0]
[ 59 500   1]
[ 59 600   0]
[ 59 600   1]
[ 59 700   0]
[ 59 700   1]
[ 59 800   0]
[ 59 800   1]
[ 59 900   1]
[  59 1000    0]
[  59 1000    1]
[  59 1200    0]
[  59 1200    1]
[  59 1400    0]
[  59 1400    1]
[  59 1500    0]
[  59 1700    0]
[  59 1800    0]
[  59 1900    0]
[  59 1900    1]
[  59 2000    0]
[  59 2000    1]
[60  0  0]
[60  0  1]
[60  1  0]
[60  1  1]
[ 60 100   0]
[ 60 100   1]
[ 60 200   0]
[ 60 200   1]
[ 60 300   0]
[ 60 300   1]
[ 60 400   0]
[ 60 400   1]
[ 60 500   0]
[ 60 500   1]
[ 60 600   0]
[ 60 600   1]
[ 60 700   0]
[ 60 700   1]
[ 60 800   0]
[ 60 800   1]
[ 60 900   0]
[ 60 900   1]
[  60 1000    0]
[  60 1000    1]
[  60 1100    0]
[  60 1200    1]
[  60 1300    0]
[  60 1300    1]
[  60 1400    0]
[  60 1400    1]
[  60 1600    0]
[  60 1700    0]
[  60 1800    0]
[  60 1900    0]
[  60 1900    1]
[  60 2000    0]
[61  0  0]
[61  0  1]
[61  1  0]
[61  1  1]
[ 61 100   0]
[ 61 100   1]
[ 61 200   0]
[ 61 200   1]
[ 61 300   0]
[ 61 300   1]
[ 61 400   0]
[ 61 400   1]
[ 61 500   0]
[ 61 500   1]
[ 61 600   0]
[ 61 600   1]
[ 61 700   0]
[ 61 700   1]
[ 61 800   0]
[ 61 800   1]
[ 61 900   0]
[ 61 900   1]
[  61 1000    0]
[  61 1000    1]
[  61 1100    0]
[  61 1200    0]
[  61 1200    1]
[  61 1400    0]
[  61 1400    1]
[  61 1700    0]
[  61 1700    1]
[  61 1900    0]
[  61 1900    1]
[  61 2000    0]
[  61 2000    1]
[62  0  0]
[62  0  1]
[62  1  0]
[62  1  1]
[ 62 100   0]
[ 62 100   1]
[ 62 200   0]
[ 62 200   1]
[ 62 300   0]
[ 62 300   1]
[ 62 400   0]
[ 62 400   1]
[ 62 500   0]
[ 62 500   1]
[ 62 600   0]
[ 62 600   1]
[ 62 700   0]
[ 62 700   1]
[ 62 800   0]
[ 62 800   1]
[ 62 900   0]
[ 62 900   1]
[  62 1000    0]
[  62 1000    1]
[  62 1100    0]
[  62 1100    1]
[  62 1200    0]
[  62 1200    1]
[  62 1300    0]
[  62 1400    0]
[  62 1400    1]
[  62 1700    0]
[  62 1800    0]
[  62 1900    0]
[  62 1900    1]
[  62 2000    0]
[  62 2000    1]
[63  0  0]
[63  0  1]
[63  1  0]
[63  1  1]
[ 63 100   0]
[ 63 100   1]
[ 63 200   0]
[ 63 200   1]
[ 63 300   0]
[ 63 300   1]
[ 63 400   0]
[ 63 400   1]
[ 63 500   0]
[ 63 500   1]
[ 63 600   0]
[ 63 600   1]
[ 63 700   0]
[ 63 700   1]
[ 63 800   0]
[ 63 800   1]
[ 63 900   0]
[ 63 900   1]
[  63 1000    0]
[  63 1000    1]
[  63 1100    0]
[  63 1200    0]
[  63 1200    1]
[  63 1300    1]
[  63 1400    0]
[  63 1400    1]
[  63 1600    1]
[  63 1700    0]
[  63 1700    1]
[  63 1800    1]
[  63 1900    0]
[  63 1900    1]
[  63 2000    0]
[  63 2000    1]
[64  0  0]
[64  0  1]
[64  1  0]
[64  1  1]
[ 64 100   0]
[ 64 100   1]
[ 64 200   0]
[ 64 200   1]
[ 64 300   0]
[ 64 300   1]
[ 64 400   0]
[ 64 400   1]
[ 64 500   0]
[ 64 500   1]
[ 64 600   0]
[ 64 600   1]
[ 64 700   0]
[ 64 700   1]
[ 64 800   0]
[ 64 800   1]
[ 64 900   0]
[ 64 900   1]
[  64 1000    0]
[  64 1000    1]
[  64 1100    0]
[  64 1200    0]
[  64 1200    1]
[  64 1300    0]
[  64 1400    0]
[  64 1400    1]
[  64 1600    0]
[  64 1700    0]
[  64 1700    1]
[  64 1800    0]
[  64 1900    1]
[  64 2000    0]
[  64 2000    1]
[65  0  0]
[65  0  1]
[65  1  0]
[65  1  1]
[ 65 100   0]
[ 65 100   1]
[ 65 200   0]
[ 65 200   1]
[ 65 300   0]
[ 65 300   1]
[ 65 400   0]
[ 65 400   1]
[ 65 500   0]
[ 65 500   1]
[ 65 600   0]
[ 65 600   1]
[ 65 700   0]
[ 65 700   1]
[ 65 800   0]
[ 65 800   1]
[ 65 900   0]
[ 65 900   1]
[  65 1000    0]
[  65 1000    1]
[  65 1100    0]
[  65 1200    0]
[  65 1200    1]
[  65 1300    1]
[  65 1400    0]
[  65 1400    1]
[  65 1600    0]
[  65 1700    0]
[  65 1700    1]
[  65 1800    0]
[  65 1900    0]
[  65 1900    1]
[  65 2000    0]
[  65 2000    1]
[66  0  0]
[66  0  1]
[66  1  0]
[66  1  1]
[ 66 100   0]
[ 66 100   1]
[ 66 200   0]
[ 66 200   1]
[ 66 300   0]
[ 66 300   1]
[ 66 400   0]
[ 66 400   1]
[ 66 500   0]
[ 66 500   1]
[ 66 600   0]
[ 66 600   1]
[ 66 700   0]
[ 66 700   1]
[ 66 800   0]
[ 66 800   1]
[ 66 900   0]
[ 66 900   1]
[  66 1000    0]
[  66 1000    1]
[  66 1100    0]
[  66 1200    0]
[  66 1200    1]
[  66 1300    0]
[  66 1300    1]
[  66 1400    0]
[  66 1400    1]
[  66 1600    0]
[  66 1700    0]
[  66 1800    1]
[  66 1900    1]
[  66 2000    0]
[  66 2000    1]
[67  0  0]
[67  0  1]
[67  1  0]
[67  1  1]
[ 67 100   0]
[ 67 100   1]
[ 67 200   0]
[ 67 200   1]
[ 67 300   0]
[ 67 300   1]
[ 67 400   0]
[ 67 400   1]
[ 67 500   0]
[ 67 500   1]
[ 67 600   0]
[ 67 600   1]
[ 67 700   0]
[ 67 700   1]
[ 67 800   0]
[ 67 800   1]
[ 67 900   0]
[ 67 900   1]
[  67 1000    0]
[  67 1000    1]
[  67 1100    0]
[  67 1200    0]
[  67 1200    1]
[  67 1300    1]
[  67 1400    0]
[  67 1400    1]
[  67 1600    0]
[  67 1700    0]
[  67 1700    1]
[  67 1800    0]
[  67 1900    1]
[  67 2000    0]
[  67 2000    1]
[68  0  0]
[68  0  1]
[68  1  0]
[68  1  1]
[ 68 100   0]
[ 68 100   1]
[ 68 200   0]
[ 68 200   1]
[ 68 300   0]
[ 68 300   1]
[ 68 400   0]
[ 68 400   1]
[ 68 500   0]
[ 68 500   1]
[ 68 600   0]
[ 68 600   1]
[ 68 700   0]
[ 68 700   1]
[ 68 800   0]
[ 68 800   1]
[ 68 900   0]
[ 68 900   1]
[  68 1000    0]
[  68 1000    1]
[  68 1100    0]
[  68 1200    0]
[  68 1200    1]
[  68 1300    1]
[  68 1400    0]
[  68 1400    1]
[  68 1700    0]
[  68 1700    1]
[  68 1800    1]
[  68 1900    0]
[  68 1900    1]
[  68 2000    0]
[  68 2000    1]
[69  0  0]
[69  0  1]
[69  1  0]
[69  1  1]
[ 69 100   0]
[ 69 100   1]
[ 69 200   0]
[ 69 200   1]
[ 69 300   0]
[ 69 300   1]
[ 69 400   0]
[ 69 400   1]
[ 69 500   0]
[ 69 500   1]
[ 69 600   0]
[ 69 600   1]
[ 69 700   0]
[ 69 700   1]
[ 69 800   0]
[ 69 800   1]
[ 69 900   0]
[ 69 900   1]
[  69 1000    0]
[  69 1000    1]
[  69 1100    0]
[  69 1200    0]
[  69 1200    1]
[  69 1300    0]
[  69 1300    1]
[  69 1400    0]
[  69 1400    1]
[  69 1600    1]
[  69 1700    0]
[  69 1700    1]
[  69 1800    1]
[  69 1900    1]
[  69 2000    0]
[  69 2000    1]
[70  0  0]
[70  0  1]
[70  1  0]
[70  1  1]
[ 70 100   0]
[ 70 100   1]
[ 70 200   0]
[ 70 200   1]
[ 70 300   0]
[ 70 300   1]
[ 70 400   0]
[ 70 400   1]
[ 70 500   0]
[ 70 500   1]
[ 70 600   0]
[ 70 600   1]
[ 70 700   0]
[ 70 700   1]
[ 70 800   0]
[ 70 800   1]
[ 70 900   0]
[ 70 900   1]
[  70 1000    0]
[  70 1000    1]
[  70 1100    0]
[  70 1100    1]
[  70 1200    0]
[  70 1200    1]
[  70 1300    0]
[  70 1300    1]
[  70 1400    0]
[  70 1400    1]
[  70 1500    0]
[  70 1600    0]
[  70 1700    0]
[  70 1700    1]
[  70 1800    1]
[  70 1900    0]
[  70 1900    1]
[  70 2000    0]
[  70 2000    1]
[71  0  0]
[71  0  1]
[71  1  0]
[71  1  1]
[ 71 100   0]
[ 71 100   1]
[ 71 200   0]
[ 71 200   1]
[ 71 300   0]
[ 71 300   1]
[ 71 400   0]
[ 71 400   1]
[ 71 500   0]
[ 71 500   1]
[ 71 600   0]
[ 71 600   1]
[ 71 700   0]
[ 71 700   1]
[ 71 800   0]
[ 71 800   1]
[ 71 900   0]
[ 71 900   1]
[  71 1000    0]
[  71 1000    1]
[  71 1100    0]
[  71 1200    0]
[  71 1200    1]
[  71 1300    1]
[  71 1400    0]
[  71 1400    1]
[  71 1700    0]
[  71 1700    1]
[  71 1800    0]
[  71 1900    0]
[  71 1900    1]
[  71 2000    0]
[  71 2000    1]
[72  0  0]
[72  0  1]
[72  1  0]
[72  1  1]
[ 72 100   0]
[ 72 100   1]
[ 72 200   0]
[ 72 200   1]
[ 72 300   0]
[ 72 300   1]
[ 72 400   0]
[ 72 400   1]
[ 72 500   0]
[ 72 500   1]
[ 72 600   0]
[ 72 600   1]
[ 72 700   0]
[ 72 700   1]
[ 72 800   0]
[ 72 800   1]
[ 72 900   0]
[ 72 900   1]
[  72 1000    0]
[  72 1000    1]
[  72 1100    0]
[  72 1200    0]
[  72 1200    1]
[  72 1300    0]
[  72 1300    1]
[  72 1400    0]
[  72 1400    1]
[  72 1700    0]
[  72 1700    1]
[  72 1800    0]
[  72 1900    0]
[  72 1900    1]
[  72 2000    0]
[  72 2000    1]
[73  0  0]
[73  0  1]
[73  1  0]
[73  1  1]
[ 73 100   0]
[ 73 100   1]
[ 73 200   0]
[ 73 200   1]
[ 73 300   0]
[ 73 300   1]
[ 73 400   0]
[ 73 400   1]
[ 73 500   0]
[ 73 500   1]
[ 73 600   0]
[ 73 600   1]
[ 73 700   0]
[ 73 700   1]
[ 73 800   0]
[ 73 800   1]
[ 73 900   0]
[ 73 900   1]
[  73 1000    0]
[  73 1000    1]
[  73 1100    0]
[  73 1200    0]
[  73 1200    1]
[  73 1300    0]
[  73 1300    1]
[  73 1400    0]
[  73 1400    1]
[  73 1600    0]
[  73 1600    1]
[  73 1700    0]
[  73 1900    0]
[  73 1900    1]
[  73 2000    0]
[  73 2000    1]
[74  0  0]
[74  0  1]
[74  1  0]
[74  1  1]
[ 74 100   0]
[ 74 100   1]
[ 74 200   0]
[ 74 200   1]
[ 74 300   0]
[ 74 300   1]
[ 74 400   0]
[ 74 400   1]
[ 74 500   0]
[ 74 500   1]
[ 74 600   0]
[ 74 600   1]
[ 74 700   0]
[ 74 700   1]
[ 74 800   0]
[ 74 800   1]
[ 74 900   0]
[ 74 900   1]
[  74 1000    0]
[  74 1000    1]
[  74 1100    0]
[  74 1200    0]
[  74 1200    1]
[  74 1300    0]
[  74 1400    0]
[  74 1400    1]
[  74 1600    0]
[  74 1700    0]
[  74 1700    1]
[  74 1800    0]
[  74 1900    0]
[  74 1900    1]
[  74 2000    0]
[  74 2000    1]
[75  0  0]
[75  0  1]
[75  1  0]
[75  1  1]
[ 75 100   0]
[ 75 100   1]
[ 75 200   0]
[ 75 200   1]
[ 75 300   0]
[ 75 300   1]
[ 75 400   0]
[ 75 400   1]
[ 75 500   0]
[ 75 500   1]
[ 75 600   0]
[ 75 600   1]
[ 75 700   0]
[ 75 700   1]
[ 75 800   0]
[ 75 800   1]
[ 75 900   0]
[ 75 900   1]
[  75 1000    0]
[  75 1000    1]
[  75 1100    1]
[  75 1200    0]
[  75 1200    1]
[  75 1300    1]
[  75 1400    0]
[  75 1400    1]
[  75 1600    0]
[  75 1700    0]
[  75 1700    1]
[  75 1900    0]
[  75 1900    1]
[  75 2000    0]
[  75 2000    1]
[76  0  0]
[76  0  1]
[76  1  0]
[76  1  1]
[ 76 100   0]
[ 76 100   1]
[ 76 200   0]
[ 76 200   1]
[ 76 300   0]
[ 76 300   1]
[ 76 400   0]
[ 76 400   1]
[ 76 500   0]
[ 76 500   1]
[ 76 600   0]
[ 76 600   1]
[ 76 700   0]
[ 76 700   1]
[ 76 800   0]
[ 76 800   1]
[ 76 900   1]
[  76 1000    0]
[  76 1000    1]
[  76 1100    0]
[  76 1100    1]
[  76 1200    0]
[  76 1200    1]
[  76 1300    0]
[  76 1300    1]
[  76 1400    0]
[  76 1400    1]
[  76 1700    0]
[  76 1700    1]
[  76 1800    0]
[  76 1800    1]
[  76 1900    1]
[  76 2000    0]
[  76 2000    1]
[77  0  0]
[77  0  1]
[77  1  0]
[77  1  1]
[ 77 100   0]
[ 77 100   1]
[ 77 200   0]
[ 77 200   1]
[ 77 300   0]
[ 77 300   1]
[ 77 400   0]
[ 77 400   1]
[ 77 500   0]
[ 77 500   1]
[ 77 600   0]
[ 77 600   1]
[ 77 700   0]
[ 77 700   1]
[ 77 800   0]
[ 77 800   1]
[ 77 900   1]
[  77 1000    0]
[  77 1000    1]
[  77 1100    0]
[  77 1200    0]
[  77 1200    1]
[  77 1300    0]
[  77 1300    1]
[  77 1400    0]
[  77 1400    1]
[  77 1600    0]
[  77 1600    1]
[  77 1700    0]
[  77 1700    1]
[  77 1800    1]
[  77 1900    0]
[  77 1900    1]
[  77 2000    0]
[  77 2000    1]
[78  0  0]
[78  0  1]
[78  1  0]
[78  1  1]
[ 78 100   0]
[ 78 100   1]
[ 78 200   0]
[ 78 200   1]
[ 78 300   0]
[ 78 300   1]
[ 78 400   0]
[ 78 400   1]
[ 78 500   0]
[ 78 500   1]
[ 78 600   0]
[ 78 600   1]
[ 78 700   0]
[ 78 700   1]
[ 78 800   0]
[ 78 800   1]
[ 78 900   0]
[ 78 900   1]
[  78 1000    0]
[  78 1000    1]
[  78 1100    0]
[  78 1100    1]
[  78 1200    0]
[  78 1200    1]
[  78 1300    0]
[  78 1400    0]
[  78 1400    1]
[  78 1700    0]
[  78 1800    1]
[  78 1900    1]
[  78 2000    0]
[  78 2000    1]
[79  0  0]
[79  0  1]
[79  1  0]
[79  1  1]
[ 79 100   0]
[ 79 100   1]
[ 79 200   0]
[ 79 200   1]
[ 79 300   0]
[ 79 300   1]
[ 79 400   0]
[ 79 400   1]
[ 79 500   0]
[ 79 500   1]
[ 79 600   0]
[ 79 600   1]
[ 79 700   0]
[ 79 700   1]
[ 79 800   0]
[ 79 800   1]
[ 79 900   0]
[ 79 900   1]
[  79 1000    0]
[  79 1000    1]
[  79 1100    1]
[  79 1200    0]
[  79 1200    1]
[  79 1300    1]
[  79 1400    1]
[  79 1600    0]
[  79 1700    0]
[  79 1800    0]
[  79 1900    0]
[  79 1900    1]
[  79 2000    0]
[  79 2000    1]
[80  0  0]
[80  0  1]
[80  1  0]
[80  1  1]
[ 80 100   0]
[ 80 100   1]
[ 80 200   0]
[ 80 200   1]
[ 80 300   0]
[ 80 300   1]
[ 80 400   0]
[ 80 400   1]
[ 80 500   0]
[ 80 500   1]
[ 80 600   0]
[ 80 600   1]
[ 80 700   0]
[ 80 700   1]
[ 80 800   0]
[ 80 800   1]
[ 80 900   0]
[ 80 900   1]
[  80 1000    0]
[  80 1000    1]
[  80 1100    1]
[  80 1200    0]
[  80 1200    1]
[  80 1300    1]
[  80 1400    0]
[  80 1400    1]
[  80 1700    0]
[  80 1800    1]
[  80 1900    0]
[  80 1900    1]
[  80 2000    0]
[  80 2000    1]
[81  0  0]
[81  0  1]
[81  1  0]
[81  1  1]
[ 81 100   0]
[ 81 100   1]
[ 81 200   0]
[ 81 200   1]
[ 81 300   0]
[ 81 300   1]
[ 81 400   0]
[ 81 400   1]
[ 81 500   0]
[ 81 500   1]
[ 81 600   0]
[ 81 600   1]
[ 81 700   0]
[ 81 700   1]
[ 81 800   0]
[ 81 800   1]
[ 81 900   1]
[  81 1000    0]
[  81 1000    1]
[  81 1100    0]
[  81 1100    1]
[  81 1200    0]
[  81 1200    1]
[  81 1300    0]
[  81 1300    1]
[  81 1400    0]
[  81 1400    1]
[  81 1800    0]
[  81 1900    0]
[  81 1900    1]
[  81 2000    0]
[  81 2000    1]
[82  0  0]
[82  0  1]
[82  1  0]
[82  1  1]
[ 82 100   0]
[ 82 100   1]
[ 82 200   0]
[ 82 200   1]
[ 82 300   0]
[ 82 300   1]
[ 82 400   0]
[ 82 400   1]
[ 82 500   0]
[ 82 500   1]
[ 82 600   0]
[ 82 600   1]
[ 82 700   0]
[ 82 700   1]
[ 82 800   0]
[ 82 800   1]
[ 82 900   1]
[  82 1000    0]
[  82 1000    1]
[  82 1100    0]
[  82 1100    1]
[  82 1200    1]
[  82 1400    0]
[  82 1400    1]
[  82 1600    0]
[  82 1700    0]
[  82 1700    1]
[  82 1800    0]
[  82 1800    1]
[  82 1900    1]
[  82 2000    0]
[  82 2000    1]
[83  0  0]
[83  0  1]
[83  1  0]
[83  1  1]
[ 83 100   0]
[ 83 100   1]
[ 83 200   0]
[ 83 200   1]
[ 83 300   0]
[ 83 300   1]
[ 83 400   0]
[ 83 400   1]
[ 83 500   0]
[ 83 500   1]
[ 83 600   0]
[ 83 600   1]
[ 83 700   0]
[ 83 700   1]
[ 83 800   0]
[ 83 800   1]
[ 83 900   1]
[  83 1000    0]
[  83 1000    1]
[  83 1100    1]
[  83 1200    0]
[  83 1200    1]
[  83 1300    0]
[  83 1400    0]
[  83 1400    1]
[  83 1900    0]
[  83 1900    1]
[  83 2000    0]
[  83 2000    1]
[84  0  0]
[84  0  1]
[84  1  0]
[84  1  1]
[ 84 100   0]
[ 84 100   1]
[ 84 200   0]
[ 84 200   1]
[ 84 300   0]
[ 84 300   1]
[ 84 400   0]
[ 84 400   1]
[ 84 500   0]
[ 84 500   1]
[ 84 600   0]
[ 84 600   1]
[ 84 700   0]
[ 84 700   1]
[ 84 800   0]
[ 84 800   1]
[ 84 900   0]
[ 84 900   1]
[  84 1000    0]
[  84 1000    1]
[  84 1100    0]
[  84 1200    1]
[  84 1400    0]
[  84 1400    1]
[  84 1600    0]
[  84 1700    1]
[  84 1800    0]
[  84 1900    0]
[  84 1900    1]
[  84 2000    0]
[  84 2000    1]
[85  0  0]
[85  0  1]
[85  1  0]
[85  1  1]
[ 85 100   0]
[ 85 100   1]
[ 85 200   0]
[ 85 200   1]
[ 85 300   0]
[ 85 300   1]
[ 85 400   0]
[ 85 400   1]
[ 85 500   0]
[ 85 500   1]
[ 85 600   0]
[ 85 600   1]
[ 85 700   0]
[ 85 700   1]
[ 85 800   0]
[ 85 800   1]
[ 85 900   0]
[ 85 900   1]
[  85 1000    0]
[  85 1000    1]
[  85 1100    0]
[  85 1100    1]
[  85 1200    0]
[  85 1200    1]
[  85 1300    1]
[  85 1400    0]
[  85 1400    1]
[  85 1700    1]
[  85 2000    0]
[  85 2000    1]
[86  0  0]
[86  0  1]
[86  1  0]
[86  1  1]
[ 86 100   0]
[ 86 100   1]
[ 86 200   0]
[ 86 200   1]
[ 86 300   0]
[ 86 300   1]
[ 86 400   0]
[ 86 400   1]
[ 86 500   0]
[ 86 500   1]
[ 86 600   0]
[ 86 600   1]
[ 86 700   0]
[ 86 700   1]
[ 86 800   0]
[ 86 800   1]
[ 86 900   0]
[ 86 900   1]
[  86 1000    0]
[  86 1000    1]
[  86 1100    0]
[  86 1200    0]
[  86 1200    1]
[  86 1300    0]
[  86 1400    0]
[  86 1400    1]
[  86 1600    0]
[  86 1700    1]
[  86 1900    0]
[  86 1900    1]
[  86 2000    0]
[  86 2000    1]
[87  0  0]
[87  0  1]
[87  1  0]
[87  1  1]
[ 87 100   0]
[ 87 100   1]
[ 87 200   0]
[ 87 200   1]
[ 87 300   0]
[ 87 300   1]
[ 87 400   0]
[ 87 400   1]
[ 87 500   0]
[ 87 500   1]
[ 87 600   0]
[ 87 600   1]
[ 87 700   0]
[ 87 700   1]
[ 87 800   0]
[ 87 800   1]
[ 87 900   0]
[ 87 900   1]
[  87 1000    0]
[  87 1000    1]
[  87 1200    1]
[  87 1300    0]
[  87 1400    1]
[  87 1600    0]
[  87 1900    1]
[  87 2000    0]
[  87 2000    1]
[88  0  0]
[88  0  1]
[88  1  0]
[88  1  1]
[ 88 100   0]
[ 88 100   1]
[ 88 200   0]
[ 88 200   1]
[ 88 300   0]
[ 88 300   1]
[ 88 400   0]
[ 88 400   1]
[ 88 500   0]
[ 88 500   1]
[ 88 600   0]
[ 88 600   1]
[ 88 700   0]
[ 88 700   1]
[ 88 800   0]
[ 88 800   1]
[ 88 900   1]
[  88 1000    0]
[  88 1000    1]
[  88 1100    0]
[  88 1200    0]
[  88 1200    1]
[  88 1300    0]
[  88 1400    1]
[  88 1600    1]
[  88 1900    1]
[  88 2000    0]
[  88 2000    1]
[89  0  0]
[89  0  1]
[89  1  0]
[89  1  1]
[ 89 100   0]
[ 89 100   1]
[ 89 200   0]
[ 89 200   1]
[ 89 300   0]
[ 89 300   1]
[ 89 400   0]
[ 89 400   1]
[ 89 500   0]
[ 89 500   1]
[ 89 600   0]
[ 89 600   1]
[ 89 700   0]
[ 89 700   1]
[ 89 800   0]
[ 89 800   1]
[ 89 900   1]
[  89 1000    0]
[  89 1000    1]
[  89 1400    1]
[  89 1700    1]
[  89 1900    0]
[  89 2000    0]
[  89 2000    1]
[90  0  0]
[90  0  1]
[90  1  0]
[90  1  1]
[ 90 100   0]
[ 90 100   1]
[ 90 200   0]
[ 90 200   1]
[ 90 300   0]
[ 90 300   1]
[ 90 400   0]
[ 90 400   1]
[ 90 500   0]
[ 90 500   1]
[ 90 600   0]
[ 90 600   1]
[ 90 700   1]
[ 90 800   1]
[  90 1000    0]
[  90 1000    1]
[  90 1200    0]
[  90 1300    0]
[  90 1400    1]
[  90 1900    1]
[  90 2000    1]
[91  0  0]
[91  0  1]
[91  1  0]
[91  1  1]
[ 91 100   0]
[ 91 100   1]
[ 91 200   0]
[ 91 200   1]
[ 91 300   0]
[ 91 300   1]
[ 91 400   0]
[ 91 400   1]
[ 91 500   0]
[ 91 500   1]
[ 91 600   0]
[ 91 600   1]
[ 91 700   0]
[ 91 700   1]
[ 91 800   0]
[ 91 800   1]
[  91 1000    1]
[  91 1200    0]
[  91 1200    1]
[  91 1300    0]
[  91 1400    0]
[  91 1400    1]
[  91 2000    0]
[  91 2000    1]
[92  0  0]
[92  0  1]
[92  1  0]
[92  1  1]
[ 92 100   0]
[ 92 100   1]
[ 92 200   0]
[ 92 200   1]
[ 92 300   0]
[ 92 400   0]
[ 92 400   1]
[ 92 500   0]
[ 92 500   1]
[ 92 600   0]
[ 92 600   1]
[ 92 700   1]
[  92 1000    1]
[  92 1300    1]
[  92 1400    1]
[  92 2000    0]
[  92 2000    1]
[93  0  0]
[93  0  1]
[93  1  0]
[93  1  1]
[ 93 100   0]
[ 93 100   1]
[ 93 200   0]
[ 93 200   1]
[ 93 300   0]
[ 93 300   1]
[ 93 400   0]
[ 93 400   1]
[ 93 500   0]
[ 93 500   1]
[ 93 600   0]
[ 93 700   0]
[ 93 700   1]
[ 93 800   0]
[ 93 900   1]
[  93 1000    1]
[  93 1200    1]
[  93 1400    1]
[  93 1700    1]
[  93 2000    1]
[94  0  0]
[94  0  1]
[94  1  0]
[94  1  1]
[ 94 100   0]
[ 94 100   1]
[ 94 200   0]
[ 94 200   1]
[ 94 300   0]
[ 94 400   0]
[ 94 400   1]
[ 94 500   0]
[ 94 500   1]
[ 94 600   0]
[ 94 600   1]
[ 94 700   1]
[ 94 800   1]
[  94 1000    0]
[  94 1000    1]
[  94 1100    0]
[  94 1100    1]
[  94 1200    1]
[  94 1400    1]
[  94 2000    1]
[95  0  0]
[95  0  1]
[95  1  0]
[95  1  1]
[ 95 100   0]
[ 95 100   1]
[ 95 200   0]
[ 95 200   1]
[ 95 300   0]
[ 95 400   0]
[ 95 400   1]
[ 95 500   0]
[ 95 500   1]
[ 95 600   0]
[ 95 700   0]
[ 95 700   1]
[ 95 800   0]
[ 95 800   1]
[ 95 900   0]
[  95 1000    0]
[  95 1000    1]
[  95 1400    1]
[96  0  0]
[96  0  1]
[96  1  0]
[96  1  1]
[ 96 100   0]
[ 96 100   1]
[ 96 200   0]
[ 96 200   1]
[ 96 400   0]
[ 96 400   1]
[ 96 500   0]
[ 96 500   1]
[ 96 600   1]
[ 96 700   0]
[ 96 700   1]
[ 96 800   0]
[  96 1000    0]
[  96 1000    1]
[  96 1400    1]
[  96 1700    0]
[  96 2000    0]
[97  0  0]
[97  0  1]
[97  1  0]
[97  1  1]
[ 97 100   0]
[ 97 100   1]
[ 97 200   0]
[ 97 200   1]
[ 97 300   0]
[ 97 400   0]
[ 97 400   1]
[ 97 500   0]
[ 97 500   1]
[ 97 700   0]
[ 97 700   1]
[ 97 800   1]
[  97 1000    1]
[  97 1400    1]
[98  0  0]
[98  0  1]
[98  1  0]
[98  1  1]
[ 98 100   0]
[ 98 100   1]
[ 98 200   0]
[ 98 200   1]
[ 98 400   0]
[ 98 400   1]
[ 98 500   0]
[ 98 500   1]
[ 98 700   0]
[ 98 700   1]
[  98 1000    1]
[  98 1400    1]
[  98 1900    1]
[99  0  0]
[99  0  1]
[99  1  0]
[99  1  1]
[ 99 100   0]
[ 99 100   1]
[ 99 200   0]
[ 99 200   1]
[ 99 300   0]
[ 99 400   1]
[ 99 500   0]
[ 99 500   1]
[ 99 600   1]
[ 99 700   1]
[  99 1400    1]
[100   0   0]
[100   0   1]
[100   1   0]
[100   1   1]
[100 100   0]
[100 100   1]
[100 200   0]
[100 200   1]
[100 300   0]
[100 300   1]
[100 400   0]
[100 400   1]
[100 500   1]
[100 700   0]
[100 700   1]
[ 100 1000    1]
[ 100 1200    0]
[ 100 1300    1]
[101   0   0]
[101   0   1]
[101   1   0]
[101   1   1]
[101 100   0]
[101 100   1]
[101 200   0]
[101 200   1]
[101 300   1]
[101 400   0]
[101 400   1]
[101 500   0]
[101 500   1]
[101 600   0]
[101 700   0]
[101 700   1]
[ 101 1000    0]
[ 101 1000    1]
[ 101 1400    1]
[ 101 2000    0]
[ 101 2000    1]
[102   0   0]
[102   0   1]
[102   1   0]
[102 100   0]
[102 100   1]
[102 200   0]
[102 200   1]
[102 400   0]
[102 400   1]
[102 500   1]
[ 102 2000    0]
[103   0   0]
[103   0   1]
[103 100   0]
[103 100   1]
[103 200   0]
[103 200   1]
[103 400   0]
[103 400   1]
[103 500   0]
[103 500   1]
